Stuck Activated Platelets All Platelets Innactive Platelets Proteins red blood cells Frame
0 0 2 2 0 2 100 
0 0 4 4 0 4 200 
0 0 6 6 0 6 300 
0 0 8 8 0 8 400 
0 0 10 10 1 6 500 
0 0 12 12 1 7 600 
0 0 14 14 1 6 700 
0 0 14 14 1 7 800 
0 0 14 14 1 8 900 
0 0 16 16 2 8 1000 
0 0 14 14 2 7 1100 
0 0 16 16 2 7 1200 
0 0 18 18 2 8 1300 
0 0 17 17 2 7 1400 
0 1 17 16 4 9 1500 
0 1 19 18 4 10 1600 
0 2 18 16 4 9 1700 
0 3 19 16 7 10 1800 
0 5 21 16 7 8 1900 
0 6 22 16 8 9 2000 
0 9 23 14 17 11 2100 
0 9 24 15 17 13 2200 
0 9 25 16 17 12 2300 
0 9 26 17 26 12 2400 
0 10 28 18 27 11 2500 
0 11 29 18 27 12 2600 
0 13 31 18 40 14 2700 
0 13 33 20 40 15 2800 
0 14 35 21 40 17 2900 
0 15 37 22 56 17 3000 
0 15 38 23 56 16 3100 
